ROI_0,0,126,106
ROI_1,0,189,207
ROI_2,0,266,310
ROI_3,0,182,392
ROI_4,0,112,464
ROI_5,0,38,555
ROI_6,0,841,259
ROI_7,0,850,406
POI_8,0,913,540
ROI_9,0,1085,668
ROI_10,0,311,639
ROI_11,0,1212,357
ROI_12,0,1237,664
ROI_13,0,88,295
ROI_0,1,662,46
ROI_1,1,711,157
ROI_2,1,743,241
ROI_3,1,600,436
ROI_4,1,563,548
ROI_5,1,529,678
ROI_0,2,892,472
ROI_1,2,825,466
ROI_2,2,838,592
ROI_3,2,819,531
ROI_4,2,1040,529
ROI_5,2,1097,568
ROI_6,2,1129,601
ROI_7,2,954,599
ROI_8,2,969,630
ROI_9,2,950,651
ROI_10,2,930,659
ROI_11,2,1150,642
ROI_12,2,1130,538
ROI_13,2,1105,510
ROI_14,2,1201,451
ROI_15,2,1108,431
ROI_16,2,1074,425
ROI_17,2,934,329
ROI_18,2,1175,292
ROI_19,2,1152,247
ROI_20,2,1116,219
ROI_21,2,972,82
ROI_22,2,1180,173
ROI_23,2,1162,197
ROI_24,2,1195,218
ROI_25,2,1184,120
ROI_26,2,1148,74
ROI_0,3,892,473
ROI_1,3,1150,246
ROI_2,3,1175,290
ROI_3,3,1109,431
ROI_4,3,1096,568
ROI_5,3,1104,511
ROI_6,3,933,329
ROI_7,3,1137,500