ROI_0,0,389,70
ROI_1,0,178,199
ROI_2,0,328,260
ROI_3,0,41,305
ROI_4,0,88,551
ROI_5,0,870,174
ROI_6,0,983,145
ROI_7,0,1150,421
ROI_8,0,884,372
ROI_9,0,915,551
ROI_10,0,432,552
ROI_11,0,986,383
ROI_12,0,1228,414
ROI_13,0,1172,381
ROI_14,0,1184,637
ROI_15,0,298,312
ROI_0,1,660,52
ROI_1,1,695,119
ROI_2,1,720,274
ROI_3,1,597,397
ROI_4,1,565,477
ROI_5,1,553,601
ROI_0,2,824,259
ROI_1,2,836,485
ROI_2,2,1058,98
ROI_3,2,1075,91
ROI_4,2,1089,168
ROI_5,2,1031,93
ROI_6,2,1116,261
ROI_7,2,1072,423
ROI_8,2,1139,575
ROI_0,3,824,260
ROI_1,3,1072,424