ROI_0,0,845,153
ROI_1,0,1105,283
ROI_2,0,1142,358
ROI_3,0,1195,137
ROI_4,0,872,459
ROI_5,0,1048,632
ROI_6,0,918,661
ROI_7,0,399,610
ROI_8,0,365,460
ROI_9,0,182,138
ROI_10,0,42,61
ROI_11,0,84,493
ROI_12,0,860,355
ROI_0,1,685,55
ROI_1,1,726,209
ROI_2,1,768,302
ROI_3,1,607,389
ROI_4,1,576,453
ROI_5,1,528,561
ROI_0,2,193,607
ROI_1,2,895,564
ROI_2,2,939,594
ROI_3,2,882,591
ROI_4,2,912,612
ROI_5,2,1007,565
ROI_6,2,1248,523
ROI_7,2,1254,549
ROI_8,2,1240,344
ROI_9,2,1243,390
ROI_10,2,1257,321
ROI_11,2,1007,180
ROI_0,3,194,608