ROI_0,0,239,159
ROI_1,0,294,167
ROI_2,0,362,99
ROI_3,0,318,51
ROI_4,0,921,84
ROI_5,0,997,121
ROI_6,0,1054,149
ROI_7,0,1020,228
ROI_8,0,911,195
ROI_9,0,1047,334
ROI_10,0,942,318
ROI_11,0,1079,406
ROI_12,0,977,456
ROI_13,0,937,512
ROI_14,0,847,526
ROI_15,0,837,327
ROI_16,0,920,572
ROI_17,0,1162,449
ROI_18,0,1228,422
ROI_19,0,962,627
ROI_20,0,429,600
ROI_21,0,424,554
ROI_22,0,303,498
ROI_23,0,106,455
ROI_24,0,204,354
ROI_25,0,445,284
ROI_26,0,286,229
ROI_27,0,90,229
ROI_28,0,52,616
ROI_29,0,421,649
ROI_30,0,819,290
ROI_0,1,665,97
ROI_1,1,702,353
ROI_2,1,580,316
ROI_3,1,587,607
ROI_0,2,233,65
ROI_1,2,285,69
ROI_2,2,281,100
ROI_3,2,232,100
ROI_4,2,825,118
ROI_5,2,937,266
ROI_6,2,859,46
ROI_7,2,841,444
ROI_8,2,1005,570
ROI_9,2,1056,550
ROI_10,2,1137,377
ROI_0,3,860,47
ROI_1,3,842,446
ROI_2,3,1005,568
ROI_3,3,1057,549