ROI_0,0,902,94
ROI_1,0,1105,406
ROI_2,0,359,388
ROI_3,0,156,309
ROI_4,0,265,160
ROI_5,0,196,61
ROI_6,0,173,662
ROI_7,0,399,659
ROI_8,0,322,403
ROI_9,0,73,342
ROI_10,0,27,277
ROI_11,0,21,375
ROI_12,0,233,41
ROI_13,0,407,668
ROI_14,0,36,652
ROI_0,1,540,46
ROI_1,1,728,628
ROI_0,2,279,108
ROI_1,2,448,468
ROI_2,2,453,525
ROI_3,2,433,592
ROI_4,2,303,604
ROI_5,2,338,626
ROI_6,2,343,659
ROI_7,2,302,647
ROI_8,2,184,566
ROI_9,2,104,291
ROI_10,2,127,246
ROI_11,2,162,224
ROI_0,3,182,568
ROI_1,3,387,474
ROI_2,3,176,512
ROI_3,3,165,430
ROI_4,3,106,290
ROI_5,3,127,248